a <- 1:10
b <- 1:100
d <- letters
