## 注释
a <- 1:10
b <- 1:100
d <- letters[1:7]

LETTERS

ZYZ


ZYZ2

JINLIN

JINLIN2

Online add change


时间新, 的大家都来立断店。

abcde

增加了新的内容

ABC

XYZ

第一次错误的编辑

第二次错误的编辑

第3次的操作

第4次操作

第5次提交

第6次提交

7777777

8888888
99999999
100000
new
